{"elapsed_sec": 0.47614407539367676, "epoch": 1, "improved": true, "lwf_alpha": 1.0, "lwf_enabled": true, "lwf_temperature": 8.0, "selection_alias": "target_val", "target_val_loss": 1.0449082117080688, "target_val_macro_auroc": 0.7123471851862301, "target_val_macro_average_precision": 0.33786445382691005, "train_loss": 45.006765075683596, "train_lwf_loss": 43.951210021972656, "train_supervised_loss": 1.0559699192047118}
{"elapsed_sec": 0.18833303451538086, "epoch": 2, "improved": true, "lwf_alpha": 1.0, "lwf_enabled": true, "lwf_temperature": 8.0, "selection_alias": "target_val", "target_val_loss": 1.0382463464736937, "target_val_macro_auroc": 0.7159145192608493, "target_val_macro_average_precision": 0.3414063919591413, "train_loss": 45.00792730712891, "train_lwf_loss": 44.00559616088867, "train_supervised_loss": 1.0024163756370545}
{"elapsed_sec": 0.19384503364562988, "epoch": 3, "improved": true, "lwf_alpha": 1.0, "lwf_enabled": true, "lwf_temperature": 8.0, "selection_alias": "target_val", "target_val_loss": 1.0381004362106323, "target_val_macro_auroc": 0.7181977760365932, "target_val_macro_average_precision": 0.3431553709317217, "train_loss": 44.95742095947266, "train_lwf_loss": 43.96656799316406, "train_supervised_loss": 0.9910527062416077}
{"elapsed_sec": 0.11640310287475586, "epoch": 4, "improved": true, "lwf_alpha": 1.0, "lwf_enabled": true, "lwf_temperature": 8.0, "selection_alias": "target_val", "target_val_loss": 1.0440983839035034, "target_val_macro_auroc": 0.720094058384167, "target_val_macro_average_precision": 0.3458857893307506, "train_loss": 44.96161260986328, "train_lwf_loss": 43.974016189575195, "train_supervised_loss": 0.9872940940856934}
{"elapsed_sec": 0.18251395225524902, "epoch": 5, "improved": true, "lwf_alpha": 1.0, "lwf_enabled": true, "lwf_temperature": 8.0, "selection_alias": "target_val", "target_val_loss": 1.0403094930648804, "target_val_macro_auroc": 0.7217844101932113, "target_val_macro_average_precision": 0.34813110433051664, "train_loss": 44.92718148803711, "train_lwf_loss": 43.94545555114746, "train_supervised_loss": 0.9817106709480286}
{"elapsed_sec": 0.18635010719299316, "epoch": 6, "improved": true, "lwf_alpha": 1.0, "lwf_enabled": true, "lwf_temperature": 8.0, "selection_alias": "target_val", "target_val_loss": 1.0343806753158569, "target_val_macro_auroc": 0.723205791974732, "target_val_macro_average_precision": 0.3496284186627009, "train_loss": 44.93072296142578, "train_lwf_loss": 43.95994567871094, "train_supervised_loss": 0.9706126337051392}
{"elapsed_sec": 0.11710023880004883, "epoch": 7, "improved": true, "lwf_alpha": 1.0, "lwf_enabled": true, "lwf_temperature": 8.0, "selection_alias": "target_val", "target_val_loss": 1.0270969371795655, "target_val_macro_auroc": 0.7240931677243163, "target_val_macro_average_precision": 0.35065008846058426, "train_loss": 44.92017294311523, "train_lwf_loss": 43.95660400390625, "train_supervised_loss": 0.9634048380851745}
{"elapsed_sec": 0.19398975372314453, "epoch": 8, "improved": true, "lwf_alpha": 1.0, "lwf_enabled": true, "lwf_temperature": 8.0, "selection_alias": "target_val", "target_val_loss": 1.0237547869682313, "target_val_macro_auroc": 0.7251362991368736, "target_val_macro_average_precision": 0.35178965578171345, "train_loss": 44.92954724121094, "train_lwf_loss": 43.97197914123535, "train_supervised_loss": 0.9576717338562012}
{"elapsed_sec": 0.19098997116088867, "epoch": 9, "improved": true, "lwf_alpha": 1.0, "lwf_enabled": true, "lwf_temperature": 8.0, "selection_alias": "target_val", "target_val_loss": 1.0241094527244567, "target_val_macro_auroc": 0.7260562205841042, "target_val_macro_average_precision": 0.3530350340005917, "train_loss": 44.923474609375, "train_lwf_loss": 43.967708587646484, "train_supervised_loss": 0.956056300163269}
{"elapsed_sec": 0.18346381187438965, "epoch": 10, "improved": true, "lwf_alpha": 1.0, "lwf_enabled": true, "lwf_temperature": 8.0, "selection_alias": "target_val", "target_val_loss": 1.025192407131195, "target_val_macro_auroc": 0.7267314378455451, "target_val_macro_average_precision": 0.3537452238843935, "train_loss": 44.917567932128904, "train_lwf_loss": 43.96478080749512, "train_supervised_loss": 0.9527166080474854}
{"elapsed_sec": 0.11350107192993164, "epoch": 11, "improved": true, "lwf_alpha": 1.0, "lwf_enabled": true, "lwf_temperature": 8.0, "selection_alias": "target_val", "target_val_loss": 1.0265451188087464, "target_val_macro_auroc": 0.727397094397011, "target_val_macro_average_precision": 0.35409603688041125, "train_loss": 44.92412554931641, "train_lwf_loss": 43.97663688659668, "train_supervised_loss": 0.9475590901374817}
{"elapsed_sec": 0.19479608535766602, "epoch": 12, "improved": true, "lwf_alpha": 1.0, "lwf_enabled": true, "lwf_temperature": 8.0, "selection_alias": "target_val", "target_val_loss": 1.0240306510925292, "target_val_macro_auroc": 0.7279318565564951, "target_val_macro_average_precision": 0.35459975451650344, "train_loss": 44.899307373046874, "train_lwf_loss": 43.95375633239746, "train_supervised_loss": 0.945637638092041}
{"elapsed_sec": 0.18807506561279297, "epoch": 13, "improved": true, "lwf_alpha": 1.0, "lwf_enabled": true, "lwf_temperature": 8.0, "selection_alias": "target_val", "target_val_loss": 1.020535725593567, "target_val_macro_auroc": 0.7284166834529421, "target_val_macro_average_precision": 0.35507909091685635, "train_loss": 44.92274725341797, "train_lwf_loss": 43.977787017822266, "train_supervised_loss": 0.9449615211486816}
{"elapsed_sec": 0.11080622673034668, "epoch": 14, "improved": true, "lwf_alpha": 1.0, "lwf_enabled": true, "lwf_temperature": 8.0, "selection_alias": "target_val", "target_val_loss": 1.019017132282257, "target_val_macro_auroc": 0.7288347252587709, "target_val_macro_average_precision": 0.3553907351122407, "train_loss": 44.89367327880859, "train_lwf_loss": 43.951805114746094, "train_supervised_loss": 0.9418489370346069}
{"elapsed_sec": 0.187974214553833, "epoch": 15, "improved": true, "lwf_alpha": 1.0, "lwf_enabled": true, "lwf_temperature": 8.0, "selection_alias": "target_val", "target_val_loss": 1.0189819974899292, "target_val_macro_auroc": 0.7293474930896114, "target_val_macro_average_precision": 0.35567135862889865, "train_loss": 44.91309182739258, "train_lwf_loss": 43.97285842895508, "train_supervised_loss": 0.9403765807151795}
{"elapsed_sec": 0.18606185913085938, "epoch": 16, "improved": true, "lwf_alpha": 1.0, "lwf_enabled": true, "lwf_temperature": 8.0, "selection_alias": "target_val", "target_val_loss": 1.019468822956085, "target_val_macro_auroc": 0.7298578375893822, "target_val_macro_average_precision": 0.3558347600536892, "train_loss": 44.91050378417969, "train_lwf_loss": 43.97250938415527, "train_supervised_loss": 0.9377546496391297}
{"elapsed_sec": 0.11532902717590332, "epoch": 17, "improved": true, "lwf_alpha": 1.0, "lwf_enabled": true, "lwf_temperature": 8.0, "selection_alias": "target_val", "target_val_loss": 1.0193838481903077, "target_val_macro_auroc": 0.730107762128748, "target_val_macro_average_precision": 0.3556905843693548, "train_loss": 44.90063311767578, "train_lwf_loss": 43.96371269226074, "train_supervised_loss": 0.9361872706413269}
{"elapsed_sec": 0.18900775909423828, "epoch": 18, "improved": true, "lwf_alpha": 1.0, "lwf_enabled": true, "lwf_temperature": 8.0, "selection_alias": "target_val", "target_val_loss": 1.0182245025634766, "target_val_macro_auroc": 0.7303773195192483, "target_val_macro_average_precision": 0.3559412355032753, "train_loss": 44.905793182373046, "train_lwf_loss": 43.97066307067871, "train_supervised_loss": 0.9349121270179749}
{"elapsed_sec": 0.19256901741027832, "epoch": 19, "improved": true, "lwf_alpha": 1.0, "lwf_enabled": true, "lwf_temperature": 8.0, "selection_alias": "target_val", "target_val_loss": 1.0174438128471375, "target_val_macro_auroc": 0.7307647174693532, "target_val_macro_average_precision": 0.3561783482388014, "train_loss": 44.90388125610352, "train_lwf_loss": 43.96994209289551, "train_supervised_loss": 0.9335600829124451}
{"elapsed_sec": 0.10420370101928711, "epoch": 20, "improved": true, "lwf_alpha": 1.0, "lwf_enabled": true, "lwf_temperature": 8.0, "selection_alias": "target_val", "target_val_loss": 1.0163942975997924, "target_val_macro_auroc": 0.7311000420366541, "target_val_macro_average_precision": 0.35631777439952206, "train_loss": 44.904496032714846, "train_lwf_loss": 43.97288513183594, "train_supervised_loss": 0.9319077010154724}
{"elapsed_sec": 0.1891021728515625, "epoch": 21, "improved": true, "lwf_alpha": 1.0, "lwf_enabled": true, "lwf_temperature": 8.0, "selection_alias": "target_val", "target_val_loss": 1.015999988079071, "target_val_macro_auroc": 0.7313575259965386, "target_val_macro_average_precision": 0.35683999246607906, "train_loss": 44.888255645751954, "train_lwf_loss": 43.95705795288086, "train_supervised_loss": 0.931575198173523}
{"elapsed_sec": 0.11415624618530273, "epoch": 22, "improved": true, "lwf_alpha": 1.0, "lwf_enabled": true, "lwf_temperature": 8.0, "selection_alias": "target_val", "target_val_loss": 1.0155266313552855, "target_val_macro_auroc": 0.7315938844207504, "target_val_macro_average_precision": 0.35679605188134034, "train_loss": 44.88950823974609, "train_lwf_loss": 43.95830154418945, "train_supervised_loss": 0.9309751434326172}
{"elapsed_sec": 0.18712186813354492, "epoch": 23, "improved": true, "lwf_alpha": 1.0, "lwf_enabled": true, "lwf_temperature": 8.0, "selection_alias": "target_val", "target_val_loss": 1.0156862201690673, "target_val_macro_auroc": 0.7320743751493749, "target_val_macro_average_precision": 0.35710242996590436, "train_loss": 44.88379440307617, "train_lwf_loss": 43.954593658447266, "train_supervised_loss": 0.9292447347640991}
{"elapsed_sec": 0.19146513938903809, "epoch": 24, "improved": true, "lwf_alpha": 1.0, "lwf_enabled": true, "lwf_temperature": 8.0, "selection_alias": "target_val", "target_val_loss": 1.0174782919883727, "target_val_macro_auroc": 0.7324979711714696, "target_val_macro_average_precision": 0.35735478927935393, "train_loss": 44.89250769042969, "train_lwf_loss": 43.96476173400879, "train_supervised_loss": 0.9278550114631653}
{"elapsed_sec": 0.19139671325683594, "epoch": 25, "improved": true, "lwf_alpha": 1.0, "lwf_enabled": true, "lwf_temperature": 8.0, "selection_alias": "target_val", "target_val_loss": 1.017433099269867, "target_val_macro_auroc": 0.7327916009682497, "target_val_macro_average_precision": 0.3577223062467184, "train_loss": 44.90074398803711, "train_lwf_loss": 43.97396469116211, "train_supervised_loss": 0.9266780200004577}
{"elapsed_sec": 0.11387014389038086, "epoch": 26, "improved": true, "lwf_alpha": 1.0, "lwf_enabled": true, "lwf_temperature": 8.0, "selection_alias": "target_val", "target_val_loss": 1.014778301715851, "target_val_macro_auroc": 0.7330145665340886, "target_val_macro_average_precision": 0.3578866498673222, "train_loss": 44.89155227661133, "train_lwf_loss": 43.96699523925781, "train_supervised_loss": 0.9247282276153564}
{"elapsed_sec": 0.1883082389831543, "epoch": 27, "improved": true, "lwf_alpha": 1.0, "lwf_enabled": true, "lwf_temperature": 8.0, "selection_alias": "target_val", "target_val_loss": 1.012682198047638, "target_val_macro_auroc": 0.7333215189477088, "target_val_macro_average_precision": 0.3581233503489479, "train_loss": 44.871661346435545, "train_lwf_loss": 43.9472541809082, "train_supervised_loss": 0.9242207956314087}
{"elapsed_sec": 0.18965983390808105, "epoch": 28, "improved": true, "lwf_alpha": 1.0, "lwf_enabled": true, "lwf_temperature": 8.0, "selection_alias": "target_val", "target_val_loss": 1.01291428232193, "target_val_macro_auroc": 0.7335011426437779, "target_val_macro_average_precision": 0.3583663469711381, "train_loss": 44.88443609619141, "train_lwf_loss": 43.96161651611328, "train_supervised_loss": 0.9227775392532349}
{"elapsed_sec": 0.19014620780944824, "epoch": 29, "improved": true, "lwf_alpha": 1.0, "lwf_enabled": true, "lwf_temperature": 8.0, "selection_alias": "target_val", "target_val_loss": 1.0144485149383544, "target_val_macro_auroc": 0.7336839881202835, "target_val_macro_average_precision": 0.35846820490356146, "train_loss": 44.888425231933596, "train_lwf_loss": 43.96689796447754, "train_supervised_loss": 0.9212184891700744}
{"elapsed_sec": 0.1111137866973877, "epoch": 30, "improved": true, "lwf_alpha": 1.0, "lwf_enabled": true, "lwf_temperature": 8.0, "selection_alias": "target_val", "target_val_loss": 1.0155178427696228, "target_val_macro_auroc": 0.7340587852742522, "target_val_macro_average_precision": 0.3587800672774475, "train_loss": 44.88004211425781, "train_lwf_loss": 43.96011161804199, "train_supervised_loss": 0.919797381401062}
{"elapsed_sec": 0.19717168807983398, "epoch": 31, "improved": true, "lwf_alpha": 1.0, "lwf_enabled": true, "lwf_temperature": 8.0, "selection_alias": "target_val", "target_val_loss": 1.0149450063705445, "target_val_macro_auroc": 0.7342613491836751, "target_val_macro_average_precision": 0.3587974390310712, "train_loss": 44.88519079589844, "train_lwf_loss": 43.96702766418457, "train_supervised_loss": 0.9181810011863708}
{"elapsed_sec": 0.18508219718933105, "epoch": 32, "improved": true, "lwf_alpha": 1.0, "lwf_enabled": true, "lwf_temperature": 8.0, "selection_alias": "target_val", "target_val_loss": 1.0137549781799315, "target_val_macro_auroc": 0.734346586207079, "target_val_macro_average_precision": 0.35891074857070293, "train_loss": 44.871293426513674, "train_lwf_loss": 43.95431709289551, "train_supervised_loss": 0.9170192499160766}
{"elapsed_sec": 0.10776329040527344, "epoch": 33, "improved": true, "lwf_alpha": 1.0, "lwf_enabled": true, "lwf_temperature": 8.0, "selection_alias": "target_val", "target_val_loss": 1.012803376197815, "target_val_macro_auroc": 0.7344471218372816, "target_val_macro_average_precision": 0.3588681071527284, "train_loss": 44.87989984130859, "train_lwf_loss": 43.96379280090332, "train_supervised_loss": 0.9163397741317749}
{"elapsed_sec": 0.18135356903076172, "epoch": 34, "improved": true, "lwf_alpha": 1.0, "lwf_enabled": true, "lwf_temperature": 8.0, "selection_alias": "target_val", "target_val_loss": 1.0130218424797057, "target_val_macro_auroc": 0.7346596439360756, "target_val_macro_average_precision": 0.3589041897978877, "train_loss": 44.86405255126953, "train_lwf_loss": 43.948556900024414, "train_supervised_loss": 0.9154976615905762}
{"elapsed_sec": 0.11469364166259766, "epoch": 35, "improved": true, "lwf_alpha": 1.0, "lwf_enabled": true, "lwf_temperature": 8.0, "selection_alias": "target_val", "target_val_loss": 1.0143645572662354, "target_val_macro_auroc": 0.7349244021873493, "target_val_macro_average_precision": 0.35890987065540697, "train_loss": 44.884697937011715, "train_lwf_loss": 43.97199821472168, "train_supervised_loss": 0.9128489661216735}
{"elapsed_sec": 0.185211181640625, "epoch": 36, "improved": true, "lwf_alpha": 1.0, "lwf_enabled": true, "lwf_temperature": 8.0, "selection_alias": "target_val", "target_val_loss": 1.0153956089019776, "target_val_macro_auroc": 0.735071105461221, "target_val_macro_average_precision": 0.3588935026281422, "train_loss": 44.868802215576174, "train_lwf_loss": 43.957027435302734, "train_supervised_loss": 0.9116431422233582}
{"elapsed_sec": 0.10874104499816895, "epoch": 37, "improved": true, "lwf_alpha": 1.0, "lwf_enabled": true, "lwf_temperature": 8.0, "selection_alias": "target_val", "target_val_loss": 1.0152169799804687, "target_val_macro_auroc": 0.7352407248321218, "target_val_macro_average_precision": 0.35886761913021553, "train_loss": 44.86511169433594, "train_lwf_loss": 43.95416450500488, "train_supervised_loss": 0.9110826745033264}
{"elapsed_sec": 0.18636870384216309, "epoch": 38, "improved": true, "lwf_alpha": 1.0, "lwf_enabled": true, "lwf_temperature": 8.0, "selection_alias": "target_val", "target_val_loss": 1.0132070508003235, "target_val_macro_auroc": 0.735468523781241, "target_val_macro_average_precision": 0.35890872292784415, "train_loss": 44.864536834716795, "train_lwf_loss": 43.955331802368164, "train_supervised_loss": 0.9097611207962036}
{"elapsed_sec": 0.18850469589233398, "epoch": 39, "improved": true, "lwf_alpha": 1.0, "lwf_enabled": true, "lwf_temperature": 8.0, "selection_alias": "target_val", "target_val_loss": 1.0121383247375488, "target_val_macro_auroc": 0.7357314408266029, "target_val_macro_average_precision": 0.35887024795173, "train_loss": 44.87904586791992, "train_lwf_loss": 43.970712661743164, "train_supervised_loss": 0.9086777687072753}
{"elapsed_sec": 0.11776351928710938, "epoch": 40, "improved": true, "lwf_alpha": 1.0, "lwf_enabled": true, "lwf_temperature": 8.0, "selection_alias": "target_val", "target_val_loss": 1.011920904636383, "target_val_macro_auroc": 0.7360566131329718, "target_val_macro_average_precision": 0.35910481158338736, "train_loss": 44.86703634643555, "train_lwf_loss": 43.95987510681152, "train_supervised_loss": 0.9072644696235657}
{"elapsed_sec": 0.18066859245300293, "epoch": 41, "improved": true, "lwf_alpha": 1.0, "lwf_enabled": true, "lwf_temperature": 8.0, "selection_alias": "target_val", "target_val_loss": 1.0131110072135925, "target_val_macro_auroc": 0.7362321925784935, "target_val_macro_average_precision": 0.35892310581340686, "train_loss": 44.87140081787109, "train_lwf_loss": 43.96546173095703, "train_supervised_loss": 0.9060933060646057}
{"elapsed_sec": 0.11510419845581055, "epoch": 42, "improved": true, "lwf_alpha": 1.0, "lwf_enabled": true, "lwf_temperature": 8.0, "selection_alias": "target_val", "target_val_loss": 1.0142385029792786, "target_val_macro_auroc": 0.7364019643095092, "target_val_macro_average_precision": 0.35884224907749146, "train_loss": 44.86005517578125, "train_lwf_loss": 43.955326080322266, "train_supervised_loss": 0.9049464197158813}
{"elapsed_sec": 0.18504977226257324, "epoch": 43, "improved": true, "lwf_alpha": 1.0, "lwf_enabled": true, "lwf_temperature": 8.0, "selection_alias": "target_val", "target_val_loss": 1.0142596802711488, "target_val_macro_auroc": 0.7365272847688706, "target_val_macro_average_precision": 0.3589127057324536, "train_loss": 44.86582250976563, "train_lwf_loss": 43.961910247802734, "train_supervised_loss": 0.9038968968391419}
{"elapsed_sec": 0.18506789207458496, "epoch": 44, "improved": true, "lwf_alpha": 1.0, "lwf_enabled": true, "lwf_temperature": 8.0, "selection_alias": "target_val", "target_val_loss": 1.0128095383644105, "target_val_macro_auroc": 0.7367109414326103, "target_val_macro_average_precision": 0.3592354048835696, "train_loss": 44.867015228271484, "train_lwf_loss": 43.96404457092285, "train_supervised_loss": 0.9030244522094727}
{"elapsed_sec": 0.11139512062072754, "epoch": 45, "improved": true, "lwf_alpha": 1.0, "lwf_enabled": true, "lwf_temperature": 8.0, "selection_alias": "target_val", "target_val_loss": 1.0117816257476806, "target_val_macro_auroc": 0.7369409552314234, "target_val_macro_average_precision": 0.35943140169337534, "train_loss": 44.87955038452149, "train_lwf_loss": 43.97761344909668, "train_supervised_loss": 0.9019709734916687}
{"elapsed_sec": 0.19323205947875977, "epoch": 46, "improved": true, "lwf_alpha": 1.0, "lwf_enabled": true, "lwf_temperature": 8.0, "selection_alias": "target_val", "target_val_loss": 1.0126532053947448, "target_val_macro_auroc": 0.7370183132730895, "target_val_macro_average_precision": 0.35938829296591956, "train_loss": 44.860798461914065, "train_lwf_loss": 43.95989418029785, "train_supervised_loss": 0.9007397770881653}
{"elapsed_sec": 0.1860036849975586, "epoch": 47, "improved": true, "lwf_alpha": 1.0, "lwf_enabled": true, "lwf_temperature": 8.0, "selection_alias": "target_val", "target_val_loss": 1.0135563192367554, "target_val_macro_auroc": 0.7372033522409993, "target_val_macro_average_precision": 0.35940396749924103, "train_loss": 44.868844451904295, "train_lwf_loss": 43.968427658081055, "train_supervised_loss": 0.9005134377479553}
{"elapsed_sec": 0.19362568855285645, "epoch": 48, "improved": true, "lwf_alpha": 1.0, "lwf_enabled": true, "lwf_temperature": 8.0, "selection_alias": "target_val", "target_val_loss": 1.0126648125648499, "target_val_macro_auroc": 0.737430266332037, "target_val_macro_average_precision": 0.3593192598814538, "train_loss": 44.84696505737305, "train_lwf_loss": 43.94820785522461, "train_supervised_loss": 0.898905508518219}
{"elapsed_sec": 0.19817161560058594, "epoch": 49, "improved": true, "lwf_alpha": 1.0, "lwf_enabled": true, "lwf_temperature": 8.0, "selection_alias": "target_val", "target_val_loss": 1.0125609679222107, "target_val_macro_auroc": 0.737688952366573, "target_val_macro_average_precision": 0.3594984150803458, "train_loss": 44.84887127685547, "train_lwf_loss": 43.95182800292969, "train_supervised_loss": 0.8968032741546631}
{"elapsed_sec": 0.11655759811401367, "epoch": 50, "improved": true, "lwf_alpha": 1.0, "lwf_enabled": true, "lwf_temperature": 8.0, "selection_alias": "target_val", "target_val_loss": 1.0124174194335938, "target_val_macro_auroc": 0.7379696850974309, "target_val_macro_average_precision": 0.3595632588303989, "train_loss": 44.863470947265625, "train_lwf_loss": 43.9676456451416, "train_supervised_loss": 0.895759626865387}
